254809189
1090240122
-1386231680
365423817
-1943954372
433827435
1355819226
-212408209
-341991626
-857960450
-1978963686
1833108717
192644649
-85267225
566079540
719410304
-1014402466
1412341363
594340325
-1159601765
-1478377848
-1107230117
1002946712
52797205
-1658282291
1030448805
-1549633905
1008082664
-451257584
1921697630
-175980620
-319310640
-370112593
-1730956094
-1517707003
-1283312768
-2024770696
-999036327
-1694779959
1643407580
490169308
365067292
1272788954
986848772
566841632
-1934336298
285520588
306073630
453346044
2128594809
1607979674
-298424841
-1144153595
-1086466456
510215948
1046422543
-1825830071
1230488944
260555299
635762204
-805067850
1373626734
33137087
1357998758
-444742741
1297186383
-569434123
945842747
-1202044981
1605832168
638834001
1222735690
-1140685121
-492599753
1068490344
1917617917
1545611402
-475555894
-22394129
-277590129
-469848550
834583473
-1208196622
737835287
-727311231
1306535411
997889903
-1550025139
-474516677
911217732
1636519407
-1494659619
38353211
-453324050
-1691853032
1705389164
297666099
-860073263
-1750649696
811885172
15508542
-1054123109
279047174
1438749915
-143958694
-1966403595
-1241412232
-175266925
-1075076648
1038558108
-617521447
1349276459
1115273975
843593367
-722541614
164654319
1927516341
1096300447
57651484
1667676692
-18348286
-1874510133
301377567
1281209553
31892529
1918100951
797324016
-10100527
-881159866
-1557185247
2060593023
1298985015
1650875517
564340037
-1334248753
-767066563
92894259
2129266715
1436487855
-1595355770
1290530616
546850968
699437600
781702100
-1779759145
1457900175
-1164399021
-1145698814
-764941064
1220444731
1358257868
-1772501116
619014252
-2035664196
-1414525012
-243138900
601810352
-214846583
1932931223
307472143
-952217996
1599085058
748444529
1644100437
197228567
1483777221
-1028559925
1107967129
-696215736
-1339875782
1207506941
-192535323
1527034087
2126608015
1179800266
379691885
-1753081674
1789610739
1729960681
-1053923855
-649867081
-147964554
-929719832
-1422381413
1520546653
818269721
-694939999
-43221236
-1331052801
65468173
-1565309641
1373583088
1363485648
-1571051852
1548660735
1744548892
-1693711758
278546574
1913450477
674343566
-33062240
-396847514
-2053086947
1321781067
-914780301
-955376052
-2123646238
1529426096
-851264538
1734714613
554449988
948797659
893646904
-1421092344
1387380949
-1209000558
1189888221
-1396907038
581879312
-870391315
1617059128
189691529
-1305573873
-1578092385
-1291781954
-520489119
-1378874589
199308382
157826193
-485790370
-890243269
-1268672687
-1618874756
-1349233134
-415821801
-409057220
541557612
1040961175
987614368
777628121
314003793
2063704578
-1407055313
587223812
-213151185
-1197669928
1195240802
1264702769
1386028878
-1938127397
1819407768
1638442774
1730086628
-1373068299
1501023835
-121338016
-1388447190
-1836818015
1049945475
-1708883822
-1825177759
-1227295312
-553440356
-915442891
-1020343207
597948349
38213483
-1088842596
-1943742924
1119312638
1634094403
-809463746
1953515402
-44546324
707656545
-129821862
-811053878
-1794750275
920637488
1660257968
1758659670
1129714042
203247086
-565304995
1352904859
1268967242
777509504
-120689995
1435285777
-1001344854
-164960551
-183836740
2061993556
-1662672746
1357003053
931616682
-1096601177
-1496271838
1568785608
2050992969
-1749223962
-144608898
-239080351
349580153
462501912
-1982041826
-1315802145
-1133892826
-429638606
974633180
-391371404
-224293335
-1214381034
-1303156712
-2036803622
251670404
745402780
-1714594382
-1498247953
233418033
-36235049
-1562333888
-334459643
991882805
-1845791985
455946893
667818764
-918563791
2114282787
1715997382
1765278955
2137172615
-236827092
445038357
-354305267
552823642
1089785957
-351943392
-357449280
1121661009
-72836735
1936830861
-1214499462
690194310
-6486059
-140281138
1350000821
-328704788
2079364238
1750832217
-1416760664
564657443
-212529474
-803917277
2096334720
-1248733542
-311171031
1998030041
1712092914
484341059
2139258008
921853586
1499271961
-2032015172
-1639126951
29575213
1521230471
1330100661
-1692319985
-1531969373
1859929220
1039562211
-1620309952
565561333
-1084635413
-1921602222
-451494891
-474092993
-1279247276
-518823812
-420465524
-471689398
-2105668032
1481525115
-424069863
-1992771199
-1807651042
-1299825211
237390190
-1206913757
1934217807
1981078595
10524048
614800029
-495841845
-1591682659
-1137362540
-2028272892
-761660724
1804968444
1511309631
560004724
1435220018
-854941385
-1770801830
-1291137323
1926090723
904365556
-676670004
1474247190
-676767724
-2126246867
227764419
793810738
-929431042
-390202661
-726821481
1021656044
1713756193
-957599299
92522719
694021457
-674020561
275794931
-582355517
2069464697
-1266003962
-1543615937
1948309514
-1551515091
-70939701
257983040
1584360102
-475744884
768460711
-1671333915
35604130
779112273
877032601
864462113
1864409972
-1056373216
1298004390
609845568
881048381
73566027
-331246469
-748867771
681509933
930318144
-884106528
1248334762
-264465590
1164469341
-499524451
1108256449
658722573
-1427391668
-1434363864
-254465413
1218152960
-814419186
224476605
653620002
1858549439
-935525667
987312454
1523408763
-1761075544
1919970962
1410470348
-1361467998
951318575
-544808964
1749129502
-1734207018
1962603764
2127936875
426434338
1038701655
1642186199
-1950935631
-518640036
-1904023963
1689943513
925059494
2001016095
-776089122
121938758
-1001192283
1466338065
-116675203
-533597942
687239588
845892651
-1057778756
1737883683
-1596176979
-802194678
-124029485
-393159926
-309310326
-2014319859
-918182836
-422450844
-608150932
-1270082092
931016735
-1101073643
1674295375
143603409
870014338
1874424532
118351212
1279412088
870997291
-1632760958
-880968273
1288398941
-1142315913
637300124
456513470
-1756531132
-402446607
-1144121892
383397204
1992711240
1771506527
-707961294
-1099807128
-2024056844
-1606505928
1945874560
1995639528
-2006435931
1639397030
1229466446
1640532164
445922181
2034475482
643245961
368941323
237402218
1283923623
-560385320
1415036117
-1302439805
-655533353
2020146660
-827645123
57214402
-536226402
1547259060
952093213
-2065915266
-285019154
556068138
1242481210
765855130
963745011
851160795
38414468
386679326
2140242874
-275216103
2106127059
-1823197066
-55503414
41176236
-1039235987
718128478
-166777429
-1516841646
-1317868277
387831027
-936291375
-1410272314
-949238550
873851239
-295190988
159735972
-131077737
-525740646
1643107713
1957595023
-1286001030
628450890
-391436913
513164200
-1846916171
1578848211
-1545422711
853150831
-1736273850
-1436540334
1828927798
-731346990
-139314757
52623108
1983387926
-1630035583
1216577436
-1830340060
617418883
-1927925948
-116802280
-89135262
-415663497
103177886
-353164486
259484
1317618725
169932874
-489943451
923006281
-534383432
-1209001309
-1053693941
1632919578
-1169318110
-578762736
-1460872708
-1287565816
-1513517425
-1105620621
-607027114
-1538711323
1100942822
-878638968
1903469497
1065017956
1279653113
-1586127
501644284
737117559
1822502896
428717052
444950014
-818039127
491356725
-687573802
1754273757
-460681045
-372105605
-675939442
-1454203503
2045763098
-1402485158
-1827618137
1341096378
751822154
381841202
-1890485529
1086829231
189974322
2081667329
407753169
-104396643
1814099948
-1339903397
792014700
-1649860722
-1654270414
853564361
198076252
-1472065374
1829447129
-467948253
1336237159
377044609
714316830
-207768733
-1710969225
-1857522036
-497995331
-1879940824
-1510364535
-772251555
-1312644111
-1667942199
685899603
2044841536
-1660381712
-1192656597
901155422
280794388
-1509089229
-226747294
1187273304
-2065954579
-2006804796
-313593955
-1012032595
-292296291
-58253329
1791179345
85255696
1112900613
-1463619550
-425346161
-930225094
251849752
1837170027
1827841001
223341727
-1139217172
-2008578866
1295834403
-1604250160
700766061
-1836167638
783155907
1092600651
1420312725
1006604785
-531639492
-966949933
1548421083
256762968
-1822117645
-1425951397
-1674818755
2110626162
-230987456
-817202780
1525795040
-1592524827
635031611
1064795785
2111799638
-653569434
-878871938
-678580647
50844076
1815949169
-1147044424
1704224280
2064294622
-1611837511
-1446220255
484304322
1186444540
-803925843
-2077597617
-1966673349
952001073
-1724666462
-411082318
1178340141
-1552618016
-945517648
-707363828
395542285
2007043261
1051265086
-1439068603
971793455
329352500
-1521174877
1349966237
-1823709935
1479639343
355304068
329845066
1478146720
-150962951
-215024743
314758854
866378575
1003791218
-1792247779
1983194870
542585725
-842361523
-720333420
-1325575322
-895605965
-34570916
-1541171887
-1164212982
-602675285
1763547385
981038644
-862253362
-217045563
-1741989671
-898978072
-1338986499
1094709525
1058608129
-136197592
-1779001937
1634269263
-1399966959
1649452648
-713079858
-1498352488
60592633
2074156450
1065189881
-1729039425
-760413495
976346846
-774370025
-50641516
-26803463
-1110124408
446443914
-831239731
-716969907
-1760654939
-352327299
704730861
-1685583802
673181389
-386845416
-85107575
-675363921
-765229834
-1783811913
1756726944
-410845629
-176509854
259721602
1464872992
-854110151
1734709020
-216833423
-711267259
-226262166
1751568788
279494877
-1770216595
-1679307476
1528750424
-1140855472
-1819236192
408334269
224783613
1386003811
1713137977
1875156516
-1963413759
-1511079300
819914513
358874745
1655274682
480418273
-1638650776
1325741072
1764820044
771056640
-1841006532
152900456
-1415434669
1465167079
-1112219519
765868226
-504109108
-209998808
1035355683
-840521951
189852990
-740311762
-1272648582
-1090227855
-350079094
-1732743087
1547126417
1666388195
1450893159
641655471
1501943624
-1741520190
-1985758631
214420314
986023425
-1807076844
-1455286594
1372261414
596271827
1915532187
-496430529
-8816261
389303456
1455591567
-1259715500
-905654670
2034602229
-2077683668
1374950849
1363873977
-950889093
1383110103
485972920
-763723415
-1366271046
1345430297
124501166
81971093
1503497150
2004929769
-409464921
675067016
-622744991
1336284144
1506756324
-273929318
-1864997814
-1533840653
-207116642
770555077
-2052378042
-2036122406
1698934091
1896822869
2094141240
1127033461
84400192
-1614705647
-1420837287
479102774
-559222777
1583873619
-1570362157
-2111973043
1953294589
-985428859
1052369907
-1371996
-1134032105
-1935391736
-1791262962
1519194599
-641874952
-5937908
-5608755
1312687476
-420838369
-1439800085
1099804626
214936386
352104051
-1607549270
-451066742
-1858245555
-1739856244
952319104
2000518433
144116555
509563002
1298434781
1978585635
-1282192943
228115788
1439696862
2051721270
-1166944528
40204268
2099389108
1302469948
1735195857
1087770422
-765076663
-1860253940
569286811
361073974
315928754
-1214856659
1377333994
323625043
-1134516064
-803365493
662107379
208221656
1108574881
-1627739557
-8500953
-284523102
-322614176
603895597
-1624346008
-711315286
1921499707
-2025987937
231630047
-748960883
-698532257
-1526882681
109424371
-1411140085
-49575094
-1356260229
611997153
1644256237
225981514
-291069859
-1186662762
427537872
1300240076
901655294
334624019
2051908833
228576975
1662772508
-377739271
-865048155
1481345551
1483984146
-246885364
-126733763
-325965537
1737422272
-855630361
-2098821277
-614269390
-342417311
-1146164823
144335541
1939506811
394746747
-1772024056
-2059021531
1139702253
-1024663705
235343686
-1219632443
-1708271949
1737133483
1131620003
1736429051
-700172632
-1906285019
1151359096
352706047
174567714
841629792
1475190497
-1038642674
-1311590725
1360686044
-1233505562
-1194183187
-1833019832
458396511
167152359
-1936012031
459405058
-1203278538
-2100300678
604628708
-142705604
-1483645177
236715665
-1242207466
-393723754
565612939
1478780323
1645290358
-475762026
-148778476
27976309
-631074108
1504232910
1335953413
661458624
-65954967
366258261
103144012
-1735733563
-1639008965
2028693101
-1053275681
-1409366386
556892560
-662782631
-761282539
-223675801
1111192923
-261142324
952195363
-1749283861
85133112
-712198780
1315212620
-1601570302
-799006170
-344974824
854403562
1583754446
-350428375
850978000
320715098
1773855232
-765595490
2139969374
-1493755053
1988605784
-1396680282
1200406378
-1566162060
1015168072
277636028
1612988519
-2104319171
-1411010756
1431907819
1398125261
444392530
-220727190
-823157639
1524761651
-1931670842
-561753741
-1725504191
937711606
-1656944026
113355470
1388171350
-904351641
-824862393
429717928
973326363
-2147134709
915196754
374520298
-405630530
2071780394
400983574
1382782393
539279459
994082897
-917351630
1842087687
1265073127
997929787
588401665
-435032705
1453916810
1569444889
2012380772
-1406626952
1053676656
-428239449
-1403260820
1847196356
1817301526
-2135717432
1163962
-1345323333
-990592005
969864498
1333904288
759914136
2007131117
1732629267
-1403234926
1769780910
-137760655
349890127
-442545163
1888895793
-680491904
-1839633469
-594711
980313133
2047320945
2088427547
-1710690800
-1869452274
79348459
50724005
1119115255
290263018
-1690412785
-27719919
-1155696109
128087688
1099492770
-168782370
1613568406
364917284
-1780286906
317695792
-2140326450
-1111284084
387100590
2057042623
-826489453
761501730
-738172463
382507688
1171635028
937737230
64209905
725991677
1126181669
-486895371
-609149300
-1059972175
-372774773
-710272221
-368671805
237588837
-1773216443
842301337
-1576117529
1397428774
-1500622069
244198771
2046410896
8442094
-700338105
-1344144561
294324177
1823650701
371069247
-2098721042
-692194171
277117952
-1718396499
-821576407
-1460954760
1813171780
-1208318563
518734905
-874586908
687344475
-1412290602
1537377296
-721001610
1942350902
-852652519
-394807931
-1521066665
-1910023629
-158857942
540901016
927086772
-673242343
1111794433
-1050874487
717542759
-1829790281
-828156532
215611196
-1528315902
-918826238
-1789507500
-334219012
-1347349184
-1169724627
1115691661
2048458047
-1600089783
-659201578
1013891666
-483278388
1861281047
2012414391
691142509
1073641158
796830026
1050751672
604741803
1836618716
1417184495
2141436825
525912048
-1969715028
-1103934962
-995596396
943913031
-120361390
880642096
505353999
-151995997
-1900914671
2016414837
-684316503
1402137510
679592948
-289111938
-26305307
-324890442
654168368
-1562345709
-619256758
-1382413416
-1962654612
-929757021
-197433543
-869013462
996464354
706834542
-1805933669
-1714338101
59317179
17736925
-1980414911
-768340830
1883330806
1848926250
-360479419
526097916
-437467124
118137281
960295450
1028660578
1228765072
975226203
-1151789735
-1809599602
961569504
-404972796
1141604069
-1657634918
16861
-1259447484
-2098501728
-1610402226
798221364
1032269583
1931588380
89727667
394067298
515946569
1610762838
-1699312751
774124807
-1670907608
-1477342352
1900910719
-148285085
1981543520
1012833102
1041344203
-1758706066
207823853
1368821843
-726080764
655807575
860083166
41676174
-2045636693
1278076592
-1462401108
-386013343
294910203
-1683585349
1935403260
-1393412178
1760121228
989811872
-527271778
48325286
1308813829
2128783924
1579173691
1835374315
1495283756
977381033
225103654
590702413
770249453
-299916897
1976427626
1757342703
306514765
-29273223
807233579
-2059205023
-1576547549
102280336
1696577181
2130920173
-1085681288
2001042925
404616211
-1565076648
575725964
-1035925639
-1786649795
723777874
1256606823
-58496120
1867893411
-1358503141
-1964124353
2027194233
32877488
968426055
-272671783
195815934
-977459929
642445606
-851636339
720284745
-1462554993
-82450112
-1581540144
1385020263
1421060793
-2029979494
766592991
1298207914
2040486162
722053054
800161142
974170202
-604801770
1567829661
485356171
32608243
905506149
-2029068510
1725095786
1369648875
1710389230
1259684532
-1889478641
-1980992391
327624917
-1957074015
2017728902
1361550315
1965733459
-1240057636
1381995978
-698497036
610693885
55682809
-1130288638
2009963278
-519020166
-1864517596
-461872025
185736678
-2132156949
1946120196
1599482571
1674161331
1357968725
-25494721
56459078
826912091
-1688602707
589131702
2113246199
-1438424012
-123168857
1920864228
1125931163
565711332
-123968094
854029515
-242658164
-1998000324
-43028586
1743016024
-1089580681
229225872
274585871
1133819794
-294274052
31343034
-703814063
1577738747
1492694741
-1959678615
868172251
-1286899147
-1295177390
-215750888
1770386767
802324685
1334989043
-1639685066
1056526325
-777331871
1017061554
1712457220
1745505612
415460218
2044866963
254904963
860598710
851400035
644991582
1672198335
2021775990
1060306764
954699035
638295177
576132065
1922455468
-1783441619
1617695846
-402470568
1571691680
-1180969886
84563962
1612361009
360540252
-663282244
434092561
1988032890
-891691758
-465193829
-347783260
-1340079013
-1770974805
-1976032397
-2115813776
427653213
-43656572
1875837126
-2079795463
-882385975
847243673
1951250060
-870696182
298389623
1263561119
-82250068
1387910946
1773993437
-391283797
156421247
1809789869
1518948950
517673159
852742192
-101852128
-219705451
721233469
-633771332
-1135011506
-318522497
-1452237388
-1177309864
46009540
1656960429
1952049537
-1794706498
280822501
-1527260149
801895993
34667894
1949782092
-1557967041
-1869505776
-932793688
984410424
-1670371863
-1847265569
-998487302
86068501
-1957357078
-869350194
-1270281472
-328855065
339796161
1243713310
-831318405
661958158
-1526145579
-1979716906
-233636737
-745496047
1243865997
-2080678509
-1409602796
-964746194
1774652791
-808376879
2112964493
1719220937
-742597403
695584339
-834761938
-1457245430
950396767
207949473
2098440867
1261605624
119075355
-849945982
-269500971
1074763351
1450444020
1511948569
-371804823
1593966793
-2000929472
1801373973
-278344676
1320223447
-1986844383
1994093623
1970902073
884214329
947691031
1200978824
-850972055
1400233150
-585457301
1797361891
-954887002
-1373263322
2014839636
1760403624
1875874942
930802119
49698802
1217155024
1352242296
1944975223
-823159615
1780877690
1589089376
-1825578183
205838804
-313259813
2038874702
10984391
-2119682101
2006769403
527517307
-1633654523
236287869
1271483025
-1805361607
-1693558152
-1034422981
1386187590
598936106
-1889544359
1606195825
-849502936
702833473
376787232
2013278970
-153637414
-191519743
663614371
421058178
-1279332145
-1438504799
1132773421
1842171179
767857850
1045329161
808599368
1367907752
154080055
1692761043
1934008839
2125970486
-2134316799
-2094144659
-572096125
-903128781
-859998757
-129506294
583953424
585963118
101224109
-589510193
1501528891
87870176
1848967350
1782265828
-1540420000
-1426692123
-849320453
-1511206203
-949015657
1920954776
-988695802
2017443463
-1182972779
648126692
-689188260
-1308202646
1647187285
2077763384
1703052328
14356117
-330265914
2147122748
1006563311
-1993865229
1197808113
-840607484
-1798961539
1692174701
-442430747
-1484672915
1208160183
2062870906
2053517837
-1709702785
1098076726
1500353434
879003591
1734533280
-772020205
288623456
1087223594
1492413292
424693041
406172897
-2069872886
-924130696
-2043821595
-452811640
202033448
-1795475915
-1310200625
-1850924871
-1353683318
-553512758
-58901640
440027574
-944609663
-1459282229
1598192705
974031810
-1504429107
470019025
-708268936
1023740733
-291273328
-2014942555
2114592018
1745551141
-1039378495
594952615
1022434946
-851836520
1513982383
1739006731
-1924186816
-301077915
-819780684
-1881177166
-1834507806
788330410
-717921025
1163648195
-1937271809
1448867093
1381705942
462672506
-665437477
-1832135991
1235441581
-1315785447
-380719384
1291917265
-486287167
871498262
627615079
1689027558
-640533729
250366086
13662398
-1885306777
-1373045996
511650182
-2094397393
1340667406
1926831746
1329785741
-1054185320
-221405990
135718556
25914887
-178758336
-1964860639
-2043761887
1059445221
-2112142806
-680048778
961277404
467280170
-395255861
350039810
-1550881186
1839113456
-1307781692
-1993409385
194173931
-533796092
136563929
-1294705121
1816072122
1465280634
1731934618
1367760535
-1766603583
-1757169840
1700354371
1674917149
-1500423795
297639832
-279661128
-1242325250
873613019
-1082984439
-1020655710
1481116535
1083156698
567515360
447893907
1743592900
391020397
-925704368
100249120
-2108551298
-1908153842
-1372249367
564647308
2091329327
-154980213
-1791415976
-1670368495
-1507279494
432178149
379245929
624273739
1763727211
110062198
-1274981580
1213734124
-1154112685
1938137063
-1751149247
-2073198983
-1482755080
1222645472
-1779430475
1985684646
534497453
-445135486
2046432456
-791131007
-1302211073
1110919243
-1932324550
-1713449304
251552238
1676682403
-1194303908
1412539040
-854737021
1726411670
70108527
303657227
1542944198
-2093844003
1632200471
611861951
-2087183977
1967459213
1209295692
-2123913911
-1934832141
365139071
-290956562
485110381
-1186792103
898967258
-924708494
-619804723
-1016869557
-1695451797
-1941760720
-233144274
-434495559
169325280
1033860608
763057311
368538870
1715612232
1215613066
-1436414350
1669173439
-818359667
2037824281
-260422287
1513586706
1585773446
-1589792249
-203800260
-399123430
-485927281
-1086235088
-1861291368
-277593633
-619017551
-1389541861
2071175632
645966474
-745078184
1343190190
-1680322559
933803293
-1353331837
-778215656
1711155564
1224727665
-1412358636
-56215440
-1116152035
-622518078
-1430932453
-88269890
1184067923
978255651
950859618
-876034271
919492649
244006555
-1743468399
2079032254
-2124550596
1837315886
-1478021194
1367953583
726468314
2038722444
1105214230
-1678029344
839993909
-946655596
1811260827
55888835
813795109
-860280308
1295242106
-1007494944
-2045850120
-981878178
-1328832539
-2128283664
662174222
2116675704
805885368
-407222139
-2077907345
-142389602
-1713920720
-107219293
-282336911
-561195644
611464976
1360089111
-1837397661
361369116
46541716
1108207949
931831694
2040848648
1734852715
1184562335
229293686
-1760943415
432876443
1847956657
-1881295991
-1418775003
-1022440564
-1288256374
1816970373
196861085
496923519
-834496818
271589429
-401598355
-519607853
180751631
-40431419
516148898
1359666963
629103348
-1667962294
1383020216
-1635100794
-1687221298
-2120093392
150074564
-1770045004
-1886742524
-1035030288
987455220
-2042348594
270022321
-552892675
-2093872309
-374750659
-990772436
1651095807
-42215438
1319016450
-38556426
1547854739
-1508568599
-1208440242
-1735356913
657967748
-204577187
-769089564
287824145
1124497310
69242853
-1378568155
1399957260
302708529
429151223
-2034902222
-1713464640
-473099669
-1856024191
2067432305
-1309543878
1562444084
-1773997178
-778436858
-665287313
-1065934019
-1288006743
-58025836
-1213381303
1581124208
-1951888185
377532196
-676773559
-973235576
-1807441704
-1764992486
1996456251
-419030294
-1021674453
-85801310
-1942669569
-1553081595
